lattice explicit 

n_sites 51 
max_coord 6 
n_site_types 51 
site_type_names 1 2 3 4 5 6 7 8 9 10 11 12 13 14 15 16 17 18 19 20 21 22 23 24 25 26 27 28 29 30 31 32 33 34 35 36 37 38 39 40 41 42 43 44 45 46 47 48 49 50 51 

lattice_structure 
1 10.750000 13.000000 1 3 2 6 7 
2 10.750000 107.000000 2 3 1 3 8 
3 10.750000 133.000000 3 3 2 4 9 
4 10.750000 227.000000 4 3 3 5 10 
5 10.750000 253.000000 5 3 4 6 11 
6 10.750000 347.000000 6 3 1 5 12 
7 22.750000 16.750000 7 6 1 8 12 13 22 25 
8 22.750000 103.250000 8 6 2 7 9 13 23 26 
9 22.750000 136.750000 9 6 3 8 10 14 23 27 
10 22.750000 223.250000 10 6 4 9 11 14 24 28 
11 22.750000 256.750000 11 6 5 10 12 15 24 29 
12 22.750000 343.250000 12 6 6 7 11 15 22 30 
13 44.500000 60.000000 13 4 7 8 16 17 
14 44.500000 180.000000 14 4 9 10 18 19 
15 44.500000 300.000000 15 4 11 12 20 21 
16 54.500000 39.000000 16 2 13 25 
17 54.500000 81.000000 17 2 13 26 
18 54.500000 159.000000 18 2 14 27 
19 54.500000 201.000000 19 2 14 28 
20 54.500000 279.000000 20 2 15 29 
21 54.500000 321.000000 21 2 15 30 
22 58.750000 1.250000 22 4 7 12 25 30 
23 58.750000 121.750000 23 4 8 9 26 27 
24 58.750000 241.750000 24 4 10 11 28 29 
25 62.000000 29.750000 25 5 7 16 22 31 37 
26 62.000000 90.250000 26 5 8 17 23 32 38 
27 62.000000 149.750000 27 5 9 18 23 33 39 
28 62.000000 210.250000 28 5 10 19 24 34 40 
29 62.000000 269.750000 29 5 11 20 24 35 41 
30 62.000000 330.250000 30 5 12 21 22 36 42 
31 98.250000 46.000000 31 3 25 37 43 
32 98.250000 74.000000 32 3 26 38 43 
33 98.250000 166.000000 33 3 27 39 44 
34 98.250000 194.000000 34 3 28 40 44 
35 98.250000 286.000000 35 3 29 41 45 
36 98.250000 314.000000 36 3 30 42 45 
37 104.500000 16.500000 37 4 25 31 46 49 
38 104.500000 103.500000 38 4 26 32 46 50 
39 104.500000 136.500000 39 4 27 33 47 50 
40 104.500000 223.500000 40 4 28 34 47 51 
41 104.500000 256.500000 41 4 29 35 48 51 
42 104.500000 343.500000 42 4 30 36 48 49 
43 107.250000 60.000000 43 3 31 32 46 
44 107.250000 180.000000 44 3 33 34 47 
45 107.250000 300.000000 45 3 35 36 48 
46 125.500000 60.000000 46 5 37 38 43 49 50 
47 125.500000 180.000000 47 5 39 40 44 50 51 
48 125.500000 300.000000 48 5 41 42 45 49 51 
49 129.750000 359.000000 49 4 37 42 46 48 
50 129.750000 119.000000 50 4 38 39 46 47 
51 129.750000 239.000000 51 4 40 41 47 48 
end_lattice_structure 
end_lattice 
